100 200 2
1 2 599205840
2 3 330190349
3 4 499645427
4 5 334899605
5 6 470916217
6 7 451009367
7 8 89768314
8 9 716890306
9 10 421467043
10 11 30229242
11 12 945837722
12 13 835076259
13 14 671359096
14 15 573145171
15 16 250969142
16 17 820730130
17 18 882184692
18 19 169647942
19 20 909635267
20 21 636217977
21 22 330985218
22 23 665833689
23 24 115399876
24 25 886726230
25 26 88044934
26 27 504106387
27 28 362689447
28 29 69594587
29 30 455287527
30 31 269916855
31 32 7849511
32 33 605711024
33 34 797258145
34 35 819340329
35 36 11531241
36 37 388095498
37 38 654676637
38 39 783505343
39 40 282862417
40 41 969629722
41 42 179152656
42 43 660168327
43 44 54484048
44 45 102973978
45 46 6439408
46 47 39226435
47 48 921932102
48 49 665133792
49 50 903439966
50 51 648398140
51 52 550819612
52 53 101551804
53 54 510139186
54 55 605743513
55 56 299489340
56 57 733189694
57 58 633250638
58 59 290445810
59 60 578065528
60 61 642404731
61 62 156217910
62 63 501289383
63 64 398527148
64 65 862675102
65 66 933255415
66 67 689761362
67 68 930604079
68 69 168910258
69 70 683894869
70 71 528848642
71 72 748886953
72 73 528362428
73 74 752008814
74 75 904021753
75 76 223217006
76 77 376911058
77 78 406070815
78 79 854293723
79 80 836009510
80 81 382167132
81 82 106198812
82 83 460845453
83 84 678473150
84 85 418063755
85 86 242675705
86 87 608774602
87 88 98533022
88 89 767087366
89 90 960234215
90 91 548113410
91 92 32062701
92 93 961799434
93 94 87022569
94 95 50116951
95 96 462987935
96 97 456736149
97 98 890144831
98 99 947637405
99 100 304365248
84 86 267692762
100 72 895778588
43 45 412004330
18 84 189987433
52 39 249389182
14 89 683664590
44 14 366068629
97 15 112462159
33 10 464194622
17 85 592274696
86 41 373435891
44 80 739345150
34 73 943611710
80 71 647736718
4 79 540611722
38 9 153166861
91 89 558457656
4 3 886831524
27 14 427348240
52 72 871184195
91 31 371979322
42 40 828879075
84 71 887649758
73 91 417091357
88 73 942139345
38 29 368540424
79 92 833835770
23 66 330403057
69 70 628125821
33 14 606457895
76 26 751530751
40 80 874602385
99 74 793595171
21 84 865495716
16 1 258152385
4 72 541107712
46 50 67964710
21 22 397892254
15 63 566804481
6 33 744234925
11 58 543631761
3 92 185544261
28 33 284774137
58 45 598066399
13 97 301357330
10 3 701418940
28 89 902883396
67 91 915104165
17 45 689955628
55 12 917485954
57 77 742409999
96 93 316801561
8 5 608277521
90 11 852039506
67 65 61418750
12 15 623316366
56 36 658659849
56 41 681818988
6 11 914425256
65 42 142968029
3 65 561275330
73 59 548498525
64 49 108383772
23 74 245461902
73 50 497769276
63 1 628607533
76 56 349673249
49 93 236722927
34 13 966542828
36 78 266064830
85 84 395206305
20 41 440878460
73 40 440825199
75 11 221437100
60 40 442001073
58 35 896616937
66 20 594453664
50 19 93150750
52 79 623681539
95 77 655209950
60 75 910695467
40 56 865734606
54 65 302404316
53 72 33321945
18 52 918925789
59 51 337362267
75 51 603398042
56 12 407774087
31 10 158943233
59 19 840448474
86 11 591903328
73 98 71326901
6 99 661312518
69 27 941290908
91 59 778530385
80 5 949527010
85 25 225528970
80 33 411451563
67 49 413409949
73 88 181814639
2 8 753782842
