500 1000 3
1 2 72638452
2 3 544341021
3 4 879367969
4 5 257571748
5 6 801586937
6 7 856211752
7 8 637559854
8 9 874580740
9 10 269810657
10 11 512540753
11 12 336313989
12 13 303687499
13 14 275242392
14 15 857657945
15 16 102344631
16 17 924019258
17 18 595059544
18 19 3749931
19 20 464858345
20 21 987549550
21 22 497265943
22 23 409812443
23 24 406419855
24 25 433781129
25 26 287663112
26 27 609189527
27 28 44197987
28 29 498845492
29 30 136137544
30 31 277282443
31 32 30867797
32 33 632148418
33 34 105122384
34 35 548992728
35 36 246496687
36 37 933896479
37 38 351401487
38 39 260717685
39 40 479258119
40 41 417473809
41 42 97439445
42 43 611675794
43 44 855064262
44 45 813399875
45 46 203421011
46 47 981800523
47 48 303704255
48 49 425705625
49 50 953379122
50 51 739859420
51 52 629562651
52 53 968502005
53 54 925586169
54 55 809861022
55 56 438685177
56 57 670178292
57 58 252160782
58 59 37493781
59 60 230913762
60 61 849402232
61 62 590459935
62 63 214781217
63 64 900647588
64 65 480877355
65 66 962377697
66 67 988265007
67 68 415235106
68 69 638099318
69 70 610431999
70 71 565364927
71 72 568781104
72 73 959374054
73 74 901631982
74 75 161800719
75 76 715383606
76 77 899425836
77 78 140179969
78 79 650826813
79 80 890670821
80 81 752684407
81 82 312330384
82 83 809567241
83 84 910767545
84 85 96241822
85 86 915320432
86 87 716594552
87 88 860460312
88 89 344147060
89 90 683919878
90 91 663837910
91 92 88605958
92 93 450699697
93 94 725969500
94 95 573224509
95 96 721493756
96 97 975456267
97 98 903702212
98 99 109103660
99 100 401767125
100 101 182995110
101 102 506017646
102 103 334239371
103 104 148075152
104 105 727272842
105 106 980176591
106 107 382547337
107 108 583717343
108 109 566439901
109 110 153832116
110 111 529792286
111 112 82285186
112 113 673207684
113 114 67724613
114 115 890006345
115 116 402752968
116 117 340918465
117 118 566557987
118 119 693048316
119 120 85614539
120 121 490636229
121 122 733953182
122 123 33301819
123 124 894782357
124 125 677831448
125 126 955427439
126 127 946304048
127 128 934136287
128 129 316572697
129 130 359275205
130 131 761253540
131 132 906413301
132 133 334953294
133 134 228508896
134 135 467332692
135 136 534776694
136 137 993139944
137 138 87934955
138 139 502763195
139 140 432569958
140 141 204002385
141 142 171708080
142 143 527743667
143 144 184042419
144 145 377391856
145 146 199013508
146 147 873886382
147 148 136150471
148 149 363136993
149 150 610738765
150 151 545232959
151 152 572945799
152 153 809791052
153 154 7654118
154 155 993175717
155 156 957001610
156 157 315745147
157 158 970014351
158 159 243411484
159 160 345778706
160 161 114335793
161 162 340839134
162 163 346632529
163 164 417768833
164 165 808637394
165 166 271754519
166 167 619382204
167 168 839135200
168 169 937605078
169 170 552415911
170 171 283029670
171 172 397482624
172 173 11603715
173 174 778036072
174 175 994450622
175 176 941355916
176 177 424557462
177 178 217513415
178 179 444790806
179 180 811914211
180 181 87216633
181 182 149356550
182 183 959318238
183 184 770409077
184 185 918615965
185 186 58689769
186 187 892887893
187 188 452249010
188 189 737809163
189 190 621811315
190 191 442197570
191 192 766304198
192 193 53719363
193 194 803118298
194 195 366088659
195 196 801229253
196 197 954561792
197 198 255126542
198 199 571788561
199 200 357201092
200 201 881712120
201 202 828612138
202 203 976228827
203 204 305982416
204 205 70716278
205 206 721541247
206 207 104799743
207 208 207155268
208 209 465644482
209 210 105225475
210 211 357061854
211 212 836346487
212 213 8278508
213 214 668342928
214 215 191064512
215 216 360803345
216 217 756585410
217 218 990327559
218 219 259087441
219 220 313737999
220 221 129504440
221 222 835789939
222 223 911937249
223 224 843712269
224 225 447880735
225 226 601882646
226 227 294414693
227 228 428944814
228 229 889166392
229 230 692029421
230 231 221838572
231 232 984024675
232 233 752769728
233 234 540443283
234 235 316182010
235 236 105512448
236 237 57481768
237 238 183476823
238 239 66133857
239 240 373646621
240 241 853717846
241 242 142112829
242 243 376415628
243 244 641198446
244 245 196626352
245 246 176724527
246 247 127252986
247 248 576699880
248 249 847429036
249 250 420285869
250 251 904498487
251 252 111846573
252 253 494176173
253 254 306447453
254 255 718552203
255 256 654413501
256 257 326872230
257 258 704501216
258 259 366859133
259 260 378292578
260 261 509463565
261 262 697944949
262 263 622658956
263 264 106397921
264 265 321682146
265 266 470482282
266 267 99107708
267 268 554992765
268 269 708067078
269 270 141447066
270 271 781815286
271 272 963439492
272 273 748833690
273 274 483541427
274 275 578081714
275 276 606389775
276 277 359204797
277 278 930919751
278 279 102161349
279 280 12197904
280 281 709257451
281 282 541470779
282 283 41095360
283 284 335094460
284 285 421218809
285 286 679216695
286 287 394473491
287 288 571650076
288 289 54277996
289 290 404167096
290 291 952788917
291 292 653018500
292 293 922387094
293 294 671841513
294 295 991327666
295 296 433568088
296 297 104748523
297 298 129624849
298 299 212211288
299 300 890390659
300 301 363136820
301 302 435286174
302 303 827391543
303 304 99452239
304 305 234084812
305 306 462095614
306 307 999993194
307 308 96684532
308 309 751368332
309 310 89567214
310 311 441223217
311 312 172696975
312 313 612104681
313 314 407081126
314 315 32724623
315 316 82389137
316 317 427368525
317 318 297776051
318 319 639518635
319 320 990607009
320 321 165637178
321 322 770317947
322 323 781625708
323 324 868922952
324 325 668669392
325 326 811089378
326 327 316929500
327 328 572558237
328 329 15186620
329 330 632531603
330 331 555576499
331 332 618847151
332 333 410507952
333 334 626210708
334 335 251986212
335 336 696863778
336 337 351220342
337 338 635949297
338 339 884780463
339 340 922428686
340 341 695447317
341 342 680311520
342 343 500348717
343 344 419689035
344 345 366647700
345 346 662477787
346 347 783095310
347 348 476856996
348 349 491664458
349 350 358834243
350 351 51015154
351 352 546255555
352 353 23380347
353 354 304995129
354 355 115050926
355 356 48171557
356 357 230280483
357 358 967503957
358 359 295253961
359 360 291169152
360 361 351408631
361 362 81132410
362 363 685411578
363 364 93019014
364 365 147623022
365 366 433022396
366 367 942882671
367 368 631894562
368 369 276587327
369 370 917839177
370 371 275159596
371 372 225832516
372 373 730376017
373 374 190632827
374 375 288051493
375 376 637003022
376 377 964749765
377 378 276192934
378 379 788038979
379 380 494990319
380 381 885869940
381 382 285108530
382 383 92137225
383 384 101721317
384 385 828492132
385 386 405441051
386 387 761092840
387 388 554156488
388 389 734776313
389 390 486576047
390 391 330142263
391 392 457005329
392 393 934318889
393 394 153556327
394 395 963050415
395 396 145010753
396 397 338557546
397 398 961036305
398 399 135283421
399 400 877873083
400 401 224177279
401 402 878534527
402 403 591035586
403 404 524907559
404 405 684909554
405 406 586140614
406 407 449854336
407 408 586722245
408 409 524572857
409 410 30787754
410 411 480598153
411 412 741403929
412 413 521908416
413 414 469202075
414 415 735280155
415 416 899541453
416 417 41075592
417 418 252486312
418 419 509494888
419 420 389962786
420 421 582993207
421 422 696637854
422 423 816190171
423 424 78423097
424 425 993376004
425 426 760614311
426 427 106843678
427 428 886164028
428 429 51229276
429 430 448577156
430 431 491700146
431 432 388816131
432 433 596667282
433 434 412494796
434 435 659562615
435 436 184206838
436 437 148725939
437 438 890979471
438 439 349686949
439 440 335216229
440 441 413361398
441 442 409199583
442 443 383832113
443 444 536559254
444 445 570492744
445 446 368426035
446 447 577160466
447 448 144719973
448 449 45419248
449 450 896165530
450 451 153785905
451 452 381100663
452 453 158981695
453 454 424367468
454 455 325596942
455 456 245078074
456 457 463496177
457 458 304398971
458 459 737157558
459 460 636550418
460 461 867078216
461 462 738451762
462 463 725104803
463 464 31412176
464 465 445445893
465 466 242655355
466 467 248619862
467 468 744813965
468 469 775006761
469 470 23127117
470 471 771892489
471 472 752600205
472 473 520756725
473 474 746579820
474 475 461036395
475 476 213359036
476 477 190741461
477 478 952018456
478 479 128533545
479 480 291624592
480 481 108751303
481 482 612206592
482 483 977365606
483 484 249943818
484 485 396940627
485 486 572742892
486 487 357167521
487 488 549080799
488 489 176835325
489 490 27671736
490 491 70493961
491 492 158500053
492 493 28432416
493 494 82208193
494 495 520231095
495 496 180907967
496 497 578002317
497 498 737484057
498 499 785218776
499 500 593576121
151 367 578051687
401 330 185529713
402 381 752396533
366 493 685322106
29 387 21031014
83 418 931122538
28 368 865677734
460 498 979211016
366 58 897493428
152 184 779409317
72 203 847059611
498 417 717032469
324 211 899871657
167 462 44834161
405 84 483541002
195 169 636532064
16 218 183486796
70 471 752649469
19 305 455305311
107 241 367281721
493 7 792525285
292 407 309538106
1 147 151476702
301 304 390931565
318 253 950953750
21 67 847466674
264 384 691668285
255 384 172645649
452 209 838360119
214 294 367471208
46 352 623376049
282 131 143050887
327 57 843249483
250 327 181665184
479 448 967257964
218 217 385273739
460 38 587820672
121 356 564403155
440 49 929802522
7 127 734022329
357 84 504027337
386 356 798741404
357 289 35615248
152 377 879959713
385 260 760142979
463 427 66891339
121 498 354646495
374 122 710284571
484 322 821499921
415 116 681265017
236 161 595457290
332 255 130653419
29 380 639847462
18 105 871021369
402 333 854678141
151 237 183418047
195 455 318963678
58 448 724517708
475 111 404918543
295 284 658634965
324 246 961503968
371 419 775404911
109 462 171574620
281 6 989913405
481 64 940956333
140 291 365417137
266 479 778726265
84 232 395136635
83 328 905122823
95 492 33228949
60 451 326249394
367 240 232068763
438 72 519877656
312 17 739886555
14 305 222734871
73 219 362200363
231 334 997425009
372 483 379892878
470 219 487061230
292 396 265514994
418 5 876558997
97 242 65676315
330 391 810097072
298 78 293161979
250 66 714843172
318 30 20912404
416 262 582416903
346 132 921829064
123 138 956418959
190 245 443318821
492 22 705046649
419 64 483537821
254 192 280877234
449 403 849881292
82 141 682281701
114 171 651481594
414 95 431423386
251 436 399796527
439 378 890358011
90 254 222141608
399 192 506597794
288 104 602254360
117 245 289958176
200 444 65006172
17 492 187318982
121 276 586940082
265 371 304719669
287 72 875435507
124 177 487943435
84 182 38137666
397 22 207739473
421 121 413637210
282 412 436217875
408 492 832731642
210 256 946096359
11 48 104488994
425 385 629286789
233 76 171524430
485 37 464540066
64 355 373379005
422 90 290696220
335 275 867477836
19 17 214672154
96 341 468018076
289 231 571124832
184 372 40673019
302 480 371825403
58 368 321221061
229 396 427863854
414 20 327846788
173 459 895112383
6 260 510254091
100 326 556911702
306 26 11609357
176 127 274640856
318 14 359958029
201 269 414077937
368 186 931171
77 295 782567168
242 494 592514710
286 87 249372312
332 32 372427327
314 210 648521497
125 358 498547880
225 466 129533359
34 351 310285343
186 123 61332684
244 226 435738621
340 316 159826788
470 269 644787392
165 164 288084532
18 312 157896709
306 113 723116938
146 174 995086562
454 494 802999845
6 162 525039074
483 286 336662381
290 240 741214967
453 47 687625766
469 315 624298738
79 166 955680140
433 136 456692017
207 409 976800561
236 189 512770007
391 340 54988402
12 489 566343396
176 262 939959949
317 382 454437115
360 177 287345845
414 113 143323224
463 396 757501346
95 469 195030898
410 460 190404488
147 437 766612243
469 409 978771258
129 314 832035996
408 493 491224910
69 299 842298500
124 232 808176714
373 442 702988024
414 477 287646793
381 94 78203806
382 183 516621750
320 127 242450915
161 413 158608212
39 275 278679406
72 57 898796889
120 20 174696317
59 353 161116518
416 477 774545766
336 319 745911983
32 306 998134138
434 364 309845152
274 251 709105079
43 255 984941676
294 411 539564153
454 402 415824099
408 245 626920043
69 269 945227287
429 476 181378812
276 304 168007271
96 82 275985118
206 170 535044982
211 483 620456070
486 330 547686379
454 187 791325365
222 386 88726631
235 88 164137465
315 489 437635669
51 244 541055810
408 174 612602274
363 134 265061532
494 272 915091803
29 195 725318827
269 195 868536939
165 288 648320306
215 332 158640883
461 131 510911271
58 66 117560363
319 41 62780351
157 296 702841766
461 149 715581803
318 172 775355331
242 329 524440399
361 447 249450575
340 212 556397687
369 482 948674795
5 423 304883836
300 70 695234092
72 6 651635676
200 143 974144053
99 208 711997781
163 23 69283530
313 447 20449930
303 226 832967619
249 347 138426768
410 266 6120278
73 142 981301989
105 431 76907022
378 465 255533191
260 273 579926505
232 273 250173584
106 488 885985095
180 398 918779462
12 129 467988515
80 176 827419445
419 173 948441849
94 228 280913262
384 389 454824607
204 281 571123659
341 62 761632675
170 36 648098099
428 403 931819104
176 359 841027640
438 256 412366990
97 402 400080477
52 497 31523889
325 475 611479617
91 75 304684158
220 425 509305660
494 325 538638323
236 111 654542073
419 459 551223180
443 376 743354327
200 220 980908342
478 351 296713303
349 367 316108833
257 204 512257434
264 22 756181278
240 293 655379236
370 418 567885264
245 304 898123843
486 217 295140323
305 11 544400411
103 126 919313592
139 282 535874313
186 309 139853124
329 308 479450474
238 228 458379414
379 215 172061436
468 186 775689202
287 29 451682788
10 237 984364766
466 347 672104348
293 333 238337487
371 487 682432810
40 59 360425551
149 439 673280771
284 200 754333286
196 2 789181091
406 441 78754017
360 33 601777729
114 64 501885317
234 196 955886069
157 429 235154450
206 96 663286936
30 188 270024422
54 403 864257596
198 487 181905202
84 130 872883074
389 312 19179319
221 389 893016998
357 202 274989428
34 487 278589696
458 2 470039279
61 45 286435752
388 125 647440124
125 225 482619521
140 176 64312334
339 45 524287913
452 204 222486962
134 301 601917495
475 141 900008268
218 107 297636665
330 125 232533691
327 339 867066802
417 111 391684426
203 255 857285949
182 176 210102078
137 385 965467650
415 333 285771361
312 297 925790455
192 134 895763022
403 442 530944587
256 425 793054171
474 260 646765872
31 357 190843087
254 200 420867989
90 338 978916900
380 465 594529925
275 86 806319026
24 369 484585146
172 444 706647180
428 444 692699807
369 336 969224114
380 154 943308798
364 222 17717565
244 419 423692958
332 444 903333755
185 221 103814445
254 142 782176699
488 193 606984462
35 84 11595254
76 403 594719013
21 141 386078158
117 223 621039920
122 385 977945988
186 210 510605962
81 244 181758552
482 474 358984144
85 58 678256707
180 244 466958449
56 423 691680196
330 283 208114951
34 304 542853770
335 62 699309956
257 76 993152436
112 213 530408363
366 183 887958996
127 362 450647009
407 160 535861935
326 88 568406771
159 380 342097404
492 434 683461535
401 351 944859695
149 488 429285715
418 107 786179188
194 177 608736181
57 149 791271704
17 281 56155714
337 194 177925972
147 118 44008151
103 450 558421326
68 376 650583027
127 151 385257077
421 214 684979245
174 328 310836787
36 248 373812854
196 39 990289639
429 273 730716087
75 351 18831714
350 24 429499140
131 195 115501473
117 330 641660282
334 160 282070672
188 129 410678614
269 177 340410496
32 473 398910499
173 342 946956486
227 230 101894618
169 266 457021650
79 298 72783378
210 150 738616286
17 134 101247957
229 468 251861351
101 388 276568685
149 453 125196524
301 17 17237681
254 422 240760940
191 218 281405919
341 112 90748096
309 259 820916420
400 294 870440925
413 254 43018117
285 335 702528358
11 444 46106103
375 156 456457970
197 317 94104283
437 26 643905264
112 189 701476874
468 246 46717209
244 470 531620679
478 315 120679814
278 337 759402887
354 160 654994068
484 471 604305590
498 452 31199086
492 133 926569664
397 304 257379652
204 174 620632451
289 18 487659317
321 169 409916797
391 140 432226727
205 381 260301580
153 386 24657666
406 419 937730035
255 192 47948330
118 479 213784058
393 248 969590836
370 80 53021004
222 258 401756349
323 237 538367540
221 467 604356443
115 42 980951649
214 353 463991639
472 74 368877810
47 307 268761342
220 319 366337157
292 103 270566765
102 98 857239903
490 432 559013486
396 60 496722530
404 439 82186633
217 389 405877182
388 496 288360775
356 139 287246675
179 240 944365059
79 119 584560988
370 410 341641851
500 105 476330508
214 152 155380587
394 197 711020619
24 116 976894538
475 377 18926652
23 212 948116242
264 8 938624342
280 282 115922093
192 256 409543900
177 206 179185544
125 206 588931765
43 136 886147293
19 211 621827400
37 77 636064540
76 106 470489393
412 99 971960878
29 310 725076026
364 111 327057405
68 428 350337562
468 454 59322602
399 420 139326080
337 16 291475897
447 156 780646656
432 408 465988931
57 178 94767765
275 306 699887685
140 155 8645728
343 66 671986756
430 193 54737641
61 209 405375441
469 467 235712185
283 432 911277473
355 295 276006561
217 229 89022431
244 326 757817004
316 470 459439347
421 77 617631242
140 89 544538486
157 301 462967365
449 388 870207808
51 76 754766079
342 151 529363176
293 284 323785604
435 379 68702476
109 46 924955400
236 257 219773558
290 320 482508989
197 17 899758560
378 479 999744303
167 357 312409359
395 242 297052257
467 238 108191756
