1000 2000 5
1 2 387631234
2 3 469969602
3 4 580669586
4 5 904536351
5 6 875204931
6 7 869221110
7 8 116534351
8 9 56790891
9 10 763774880
10 11 354880604
11 12 75635658
12 13 947225744
13 14 896649569
14 15 885937175
15 16 570161660
16 17 603573005
17 18 124393424
18 19 113965813
19 20 415389559
20 21 890588327
21 22 49667689
22 23 642133024
23 24 636475596
24 25 718779061
25 26 253494210
26 27 254597456
27 28 287845694
28 29 797975456
29 30 609583240
30 31 870808366
31 32 691882442
32 33 904365060
33 34 974364902
34 35 157434096
35 36 917393552
36 37 529588256
37 38 964065997
38 39 252281466
39 40 887403908
40 41 420563563
41 42 394844587
42 43 531789302
43 44 495343289
44 45 895248023
45 46 243099712
46 47 972947876
47 48 784121697
48 49 801169258
49 50 465212084
50 51 45301016
51 52 701154145
52 53 995279819
53 54 364174302
54 55 952343988
55 56 698119607
56 57 800601547
57 58 93226760
58 59 594666299
59 60 684198271
60 61 899641620
61 62 102479495
62 63 797581256
63 64 613442497
64 65 921552288
65 66 447385080
66 67 469527145
67 68 841578103
68 69 13071185
69 70 362361785
70 71 698382980
71 72 264488037
72 73 470205007
73 74 84519484
74 75 795048177
75 76 817745638
76 77 379158796
77 78 345242233
78 79 601847747
79 80 938538317
80 81 355981142
81 82 492519940
82 83 358740290
83 84 689229346
84 85 789325561
85 86 87315506
86 87 122610373
87 88 975424343
88 89 740520915
89 90 136110703
90 91 22377155
91 92 136448948
92 93 625486542
93 94 804536575
94 95 596672267
95 96 936314906
96 97 126750573
97 98 8495358
98 99 378451006
99 100 521301211
100 101 133978941
101 102 805014300
102 103 800590432
103 104 933370522
104 105 819966779
105 106 111643822
106 107 798548751
107 108 443788715
108 109 67720219
109 110 730173850
110 111 3880523
111 112 911118172
112 113 590807319
113 114 987905061
114 115 170322568
115 116 443273040
116 117 705152655
117 118 311522818
118 119 561573757
119 120 844257975
120 121 627650557
121 122 891723811
122 123 520036105
123 124 681785323
124 125 75785957
125 126 366262246
126 127 841548248
127 128 30208278
128 129 3870740
129 130 733875106
130 131 150696742
131 132 653539456
132 133 389515143
133 134 796277265
134 135 709096269
135 136 388517326
136 137 140909123
137 138 177833864
138 139 464338109
139 140 28938798
140 141 409806916
141 142 931858183
142 143 95142717
143 144 349574208
144 145 209935818
145 146 649868413
146 147 989057500
147 148 340236069
148 149 526240684
149 150 821316849
150 151 641750188
151 152 254794664
152 153 420391457
153 154 918878973
154 155 552557630
155 156 199290941
156 157 486015086
157 158 773677311
158 159 483613805
159 160 707599889
160 161 61548529
161 162 496725025
162 163 644368953
163 164 55486610
164 165 486154684
165 166 149914555
166 167 775599930
167 168 396780503
168 169 199052559
169 170 692270013
170 171 19183809
171 172 317535326
172 173 115144471
173 174 161525507
174 175 580337034
175 176 882231002
176 177 150707870
177 178 810696260
178 179 254891987
179 180 806476919
180 181 840798136
181 182 679355589
182 183 527416823
183 184 270973392
184 185 348896749
185 186 850004494
186 187 335797308
187 188 637737642
188 189 736801680
189 190 648189882
190 191 678828780
191 192 449410436
192 193 96050455
193 194 245354457
194 195 314619533
195 196 44849520
196 197 200373350
197 198 557650483
198 199 358059159
199 200 343389360
200 201 823227427
201 202 791817411
202 203 876254099
203 204 745559252
204 205 292000171
205 206 432880993
206 207 395494357
207 208 373850259
208 209 400168054
209 210 126668533
210 211 616680098
211 212 833298906
212 213 503026025
213 214 695990741
214 215 145333821
215 216 749625415
216 217 987295273
217 218 837007257
218 219 175959610
219 220 622330390
220 221 322261044
221 222 651214619
222 223 387584713
223 224 861675372
224 225 355135658
225 226 761392409
226 227 551775835
227 228 845407241
228 229 62129514
229 230 213858926
230 231 650622570
231 232 550155741
232 233 117649243
233 234 139597101
234 235 457021482
235 236 52491756
236 237 27457047
237 238 299879111
238 239 425765496
239 240 124608524
240 241 485679366
241 242 783463429
242 243 203102122
243 244 997636193
244 245 659990390
245 246 854811089
246 247 693137011
247 248 868921727
248 249 873659513
249 250 649688309
250 251 399280902
251 252 136704597
252 253 113012373
253 254 194949140
254 255 127007014
255 256 87779496
256 257 109591830
257 258 953154973
258 259 294844061
259 260 831347874
260 261 243446511
261 262 963933735
262 263 276401353
263 264 799456420
264 265 674467791
265 266 393875949
266 267 208418921
267 268 532155848
268 269 243524489
269 270 736443217
270 271 814694468
271 272 39971824
272 273 121227153
273 274 21766262
274 275 98692173
275 276 55247616
276 277 415295956
277 278 790125555
278 279 524528410
279 280 697697668
280 281 926375736
281 282 281475046
282 283 553724203
283 284 558665984
284 285 848838787
285 286 385162257
286 287 342523037
287 288 423662397
288 289 67028135
289 290 324165168
290 291 433471224
291 292 853660129
292 293 286597278
293 294 467293029
294 295 702221673
295 296 417712690
296 297 613255820
297 298 406935016
298 299 789940289
299 300 145401903
300 301 181821714
301 302 656910147
302 303 919593487
303 304 552413861
304 305 887281744
305 306 253356713
306 307 291518262
307 308 114648546
308 309 848885435
309 310 94690626
310 311 8955567
311 312 666571215
312 313 254462703
313 314 426165373
314 315 863470305
315 316 547986600
316 317 257362006
317 318 577059333
318 319 290959199
319 320 544887752
320 321 518390301
321 322 909761625
322 323 846051389
323 324 835597830
324 325 751923742
325 326 277416845
326 327 924993624
327 328 782766755
328 329 358730777
329 330 648883243
330 331 437039478
331 332 466355895
332 333 196785592
333 334 316455239
334 335 533864466
335 336 853446586
336 337 721732763
337 338 735066349
338 339 814959582
339 340 914067964
340 341 988271038
341 342 812262313
342 343 559936727
343 344 331747355
344 345 70460380
345 346 988566490
346 347 518599888
347 348 243279360
348 349 762312993
349 350 34413494
350 351 580871339
351 352 460171445
352 353 22233224
353 354 196216810
354 355 59095767
355 356 519973855
356 357 973730431
357 358 194261318
358 359 288594863
359 360 782338953
360 361 775372350
361 362 947732040
362 363 969377364
363 364 343687157
364 365 436196364
365 366 597138161
366 367 538854291
367 368 314907961
368 369 865632914
369 370 72803966
370 371 256332764
371 372 132483882
372 373 331065846
373 374 759063557
374 375 49936461
375 376 552009947
376 377 660566527
377 378 188303312
378 379 217723838
379 380 642528408
380 381 663063019
381 382 867508816
382 383 678415822
383 384 880959395
384 385 786379041
385 386 342629742
386 387 98085186
387 388 156028411
388 389 818991506
389 390 828726416
390 391 616116775
391 392 63366193
392 393 382168944
393 394 324716300
394 395 384255982
395 396 170889909
396 397 25565459
397 398 957863068
398 399 809124252
399 400 319777547
400 401 972473977
401 402 514288230
402 403 529781808
403 404 66478949
404 405 695517486
405 406 126091339
406 407 881159615
407 408 418731876
408 409 20759943
409 410 992503763
410 411 841428857
411 412 547714901
412 413 315859004
413 414 734705053
414 415 718482220
415 416 578644195
416 417 415054865
417 418 868190285
418 419 377608295
419 420 232184318
420 421 623492377
421 422 866736089
422 423 633092906
423 424 428220252
424 425 653611656
425 426 27483525
426 427 468531049
427 428 888143574
428 429 694120529
429 430 840300460
430 431 40372740
431 432 900081177
432 433 900884911
433 434 416553280
434 435 892621382
435 436 342970005
436 437 655621524
437 438 625030717
438 439 737564705
439 440 576497568
440 441 866162422
441 442 616247421
442 443 803390776
443 444 286685095
444 445 691201216
445 446 860232898
446 447 322284965
447 448 245108350
448 449 824994702
449 450 257606813
450 451 605544201
451 452 997191370
452 453 644836221
453 454 346308942
454 455 690062493
455 456 167368239
456 457 4948972
457 458 593883698
458 459 510123696
459 460 122077587
460 461 362670915
461 462 870046851
462 463 134823536
463 464 874739178
464 465 654271812
465 466 372166182
466 467 123301657
467 468 822099761
468 469 355308695
469 470 208864660
470 471 69039850
471 472 882829637
472 473 275425207
473 474 77644478
474 475 13973127
475 476 130203331
476 477 317722414
477 478 69917591
478 479 769154463
479 480 509103784
480 481 125682483
481 482 452998904
482 483 477386566
483 484 863189512
484 485 89474199
485 486 267542317
486 487 442592324
487 488 549857461
488 489 285436689
489 490 679987579
490 491 285277268
491 492 817807954
492 493 279379448
493 494 839051230
494 495 994240173
495 496 870530039
496 497 964498939
497 498 325603542
498 499 862160099
499 500 888842250
500 501 995677581
501 502 350583486
502 503 834760254
503 504 194258437
504 505 671271624
505 506 242614763
506 507 398841938
507 508 136211989
508 509 682034352
509 510 608033023
510 511 767784270
511 512 627066562
512 513 273520996
513 514 904200160
514 515 273224744
515 516 350078927
516 517 386943121
517 518 831969189
518 519 44992
519 520 281093186
520 521 701257370
521 522 196918080
522 523 977996930
523 524 706910828
524 525 78851751
525 526 301337827
526 527 853439022
527 528 245081799
528 529 869082241
529 530 894037384
530 531 99386006
531 532 810051352
532 533 379278648
533 534 124109483
534 535 519293688
535 536 240187035
536 537 144702470
537 538 315590646
538 539 878939696
539 540 112222918
540 541 81664223
541 542 920139309
542 543 837566862
543 544 717873108
544 545 806665110
545 546 197829518
546 547 14827717
547 548 604343859
548 549 872185843
549 550 977000038
550 551 860633297
551 552 57641021
552 553 917165714
553 554 492402852
554 555 576224725
555 556 923538509
556 557 39182903
557 558 775829544
558 559 537030753
559 560 704315070
560 561 339362251
561 562 236261505
562 563 502915219
563 564 584264015
564 565 78208821
565 566 367980941
566 567 880866935
567 568 176427395
568 569 718338368
569 570 670098280
570 571 826839348
571 572 262624278
572 573 314990893
573 574 502059949
574 575 365636433
575 576 806790427
576 577 593258133
577 578 415240936
578 579 361178190
579 580 487607630
580 581 919707485
581 582 947365879
582 583 929879059
583 584 75566786
584 585 49030327
585 586 822830961
586 587 694603106
587 588 930842574
588 589 229357019
589 590 663546701
590 591 326910849
591 592 37255259
592 593 109542016
593 594 757726723
594 595 34682932
595 596 433616974
596 597 172403422
597 598 984769891
598 599 418765191
599 600 48291291
600 601 646814945
601 602 285835615
602 603 132414788
603 604 507252599
604 605 808828866
605 606 863062107
606 607 484012528
607 608 720567918
608 609 653953991
609 610 654987670
610 611 928515462
611 612 219856255
612 613 554495197
613 614 789508171
614 615 388729199
615 616 711301024
616 617 885308534
617 618 841458691
618 619 278527479
619 620 937692794
620 621 176090501
621 622 958789350
622 623 910611267
623 624 755624178
624 625 475650186
625 626 453318585
626 627 570629326
627 628 378872855
628 629 415300386
629 630 367893798
630 631 720681396
631 632 24634023
632 633 304119930
633 634 512078118
634 635 58470654
635 636 434970174
636 637 164030069
637 638 329177274
638 639 154364983
639 640 371476749
640 641 61785908
641 642 825206114
642 643 212727906
643 644 660560448
644 645 469800172
645 646 989036096
646 647 890126042
647 648 45192959
648 649 682449245
649 650 448177817
650 651 662064090
651 652 682824290
652 653 994365496
653 654 674770273
654 655 623873448
655 656 324537247
656 657 92488067
657 658 92166761
658 659 744716645
659 660 146039379
660 661 667618489
661 662 345305316
662 663 631140537
663 664 66930413
664 665 937876547
665 666 586850259
666 667 405258873
667 668 790584059
668 669 156400821
669 670 171661715
670 671 683048563
671 672 885035836
672 673 678468931
673 674 662678123
674 675 995012188
675 676 434731706
676 677 967124585
677 678 260986160
678 679 412113066
679 680 706891792
680 681 890599247
681 682 149460883
682 683 429920544
683 684 613946425
684 685 263814068
685 686 523500750
686 687 211718149
687 688 433821856
688 689 549922180
689 690 408824013
690 691 780213102
691 692 930836419
692 693 67491914
693 694 672670194
694 695 294920791
695 696 669289532
696 697 231478306
697 698 697907901
698 699 848732886
699 700 436088625
700 701 442894017
701 702 649731383
702 703 693071824
703 704 5178078
704 705 728096928
705 706 386478796
706 707 712587027
707 708 443018168
708 709 697668975
709 710 592627738
710 711 203519796
711 712 645306390
712 713 600621622
713 714 639666906
714 715 672866014
715 716 561724929
716 717 313949594
717 718 461597225
718 719 735613161
719 720 519814234
720 721 613779464
721 722 318076771
722 723 294935038
723 724 809972000
724 725 628804733
725 726 168991709
726 727 930796696
727 728 808211614
728 729 76816656
729 730 930161028
730 731 104070330
731 732 392588826
732 733 682014865
733 734 541166746
734 735 643570713
735 736 582834900
736 737 759174663
737 738 150379762
738 739 282976330
739 740 642970845
740 741 343450228
741 742 700659143
742 743 214110818
743 744 885505465
744 745 230614363
745 746 340330352
746 747 775682373
747 748 561245309
748 749 683992735
749 750 700858888
750 751 875535746
751 752 181643593
752 753 853249772
753 754 636933438
754 755 924538668
755 756 770885536
756 757 687630092
757 758 83616990
758 759 377081434
759 760 742387628
760 761 852538750
761 762 615674573
762 763 110144881
763 764 727849937
764 765 165095952
765 766 827538115
766 767 987635411
767 768 465934921
768 769 878455781
769 770 819461360
770 771 467808645
771 772 126504063
772 773 815293375
773 774 836091674
774 775 748366923
775 776 194421618
776 777 690490907
777 778 240293553
778 779 112776036
779 780 842811390
780 781 921932755
781 782 478815736
782 783 56007762
783 784 97241205
784 785 72168141
785 786 508521266
786 787 398844354
787 788 871829306
788 789 37382149
789 790 876730419
790 791 605540188
791 792 143486245
792 793 913490227
793 794 649220208
794 795 777433579
795 796 936396774
796 797 168076478
797 798 13930289
798 799 236432532
799 800 657668060
800 801 744728758
801 802 510306478
802 803 949690057
803 804 801056981
804 805 342569128
805 806 867599463
806 807 673242008
807 808 734715299
808 809 205941808
809 810 28165205
810 811 717877056
811 812 998980872
812 813 603640706
813 814 136558866
814 815 729750396
815 816 165843613
816 817 673340362
817 818 892854109
818 819 969454254
819 820 114121739
820 821 956724913
821 822 89049144
822 823 963105070
823 824 298268591
824 825 746013129
825 826 21290506
826 827 190680390
827 828 608674542
828 829 723191242
829 830 9919642
830 831 289327467
831 832 230358364
832 833 113356189
833 834 744157349
834 835 214911176
835 836 265065002
836 837 893329759
837 838 459259958
838 839 692670263
839 840 923067798
840 841 602604644
841 842 727197847
842 843 182785209
843 844 135920063
844 845 9381148
845 846 737373827
846 847 127823919
847 848 397172588
848 849 103173592
849 850 881586524
850 851 471314901
851 852 951832190
852 853 184687043
853 854 550175974
854 855 437815661
855 856 990782036
856 857 675145085
857 858 596940978
858 859 93380256
859 860 681514049
860 861 60195696
861 862 616910020
862 863 408817457
863 864 335785202
864 865 828944322
865 866 715650218
866 867 950580719
867 868 895814813
868 869 177607496
869 870 308557491
870 871 67124895
871 872 526892075
872 873 260043573
873 874 666906239
874 875 921250237
875 876 828335605
876 877 175710786
877 878 792251585
878 879 673857983
879 880 964263875
880 881 697393133
881 882 637139124
882 883 577720862
883 884 419894951
884 885 940375637
885 886 338307765
886 887 405552389
887 888 855441003
888 889 317252983
889 890 121171484
890 891 516658505
891 892 703199126
892 893 961034847
893 894 864065403
894 895 298451353
895 896 780163948
896 897 703910515
897 898 538448957
898 899 17365652
899 900 96851614
900 901 392898512
901 902 572193814
902 903 242269640
903 904 924497557
904 905 403261047
905 906 644584367
906 907 531236108
907 908 9491999
908 909 361865824
909 910 233421002
910 911 853574833
911 912 617106328
912 913 800039190
913 914 565674962
914 915 88513276
915 916 527523049
916 917 809972601
917 918 419050194
918 919 957535666
919 920 896989499
920 921 762720693
921 922 442835808
922 923 844600108
923 924 297022121
924 925 95716624
925 926 164782796
926 927 83322651
927 928 722953983
928 929 674089703
929 930 449204006
930 931 672340516
931 932 440903442
932 933 576074575
933 934 12472660
934 935 696301748
935 936 937087837
936 937 813569399
937 938 18967555
938 939 864763635
939 940 363074212
940 941 458799110
941 942 447651819
942 943 911944672
943 944 323667174
944 945 646706513
945 946 887276692
946 947 436976517
947 948 75667960
948 949 870232862
949 950 631232169
950 951 859819135
951 952 942598415
952 953 630149915
953 954 901269033
954 955 532932430
955 956 223048702
956 957 459929020
957 958 923049910
958 959 950409805
959 960 572375079
960 961 916013588
961 962 103706752
962 963 945451882
963 964 73698772
964 965 396200502
965 966 310459906
966 967 545870168
967 968 807760193
968 969 207346601
969 970 198953235
970 971 840749773
971 972 447103769
972 973 437961193
973 974 131629097
974 975 185731922
975 976 893185002
976 977 6637785
977 978 226010211
978 979 50319841
979 980 739707480
980 981 39421966
981 982 561008558
982 983 669241824
983 984 209684712
984 985 791995216
985 986 218361709
986 987 15295669
987 988 213250653
988 989 383643280
989 990 328037048
990 991 733394527
991 992 653378584
992 993 189645849
993 994 42712792
994 995 260649629
995 996 449873267
996 997 365484654
997 998 382343258
998 999 685692345
999 1000 201331602
34 458 982894836
865 546 120750306
977 892 351215209
773 760 884958150
143 636 106564204
654 664 99904726
16 516 145058161
244 56 36588088
661 879 702795497
311 88 929061692
908 31 165333452
579 94 357582842
762 497 94943726
662 378 433818818
185 197 5642390
211 812 203248009
24 531 552043110
378 761 239894904
142 35 659764082
350 372 696710667
579 684 631123152
127 410 933397258
365 558 487042302
260 673 934687211
476 495 957027253
235 378 101683138
28 933 60232749
894 947 869801618
87 182 962889056
612 547 907735169
290 850 84732883
881 348 215935541
17 422 953183744
422 367 147142031
94 872 520670203
759 279 321484857
841 651 395438880
904 880 38563202
916 136 35882329
439 74 656663550
994 862 910960604
495 456 634912198
249 475 102663799
814 52 13559395
121 998 319234213
707 699 227595699
796 436 880994984
347 854 769567553
899 815 592594661
48 892 387776462
942 509 364954907
306 79 35261886
658 537 418085351
518 45 632072883
341 566 710985350
511 910 433874360
406 265 162407869
307 233 260230046
51 318 199800198
535 126 396636133
490 913 13254373
518 922 696252887
931 595 380987825
721 191 59427883
763 83 237369017
759 556 581793115
169 525 643454453
355 797 386104674
143 711 50786858
369 436 371770944
8 622 814549404
555 14 924601669
638 637 927312871
720 209 461088511
699 473 927182614
776 870 299452090
289 807 995364869
941 551 944738233
953 377 567602807
657 169 818809648
857 302 20982844
949 390 649626971
160 471 399585744
874 897 352755731
600 68 890973693
683 619 675648557
156 537 829373914
891 707 296505270
916 328 698329987
956 508 845788063
101 286 549914018
473 445 848661680
604 654 656826919
992 758 910555216
383 998 992277306
511 637 602472042
143 292 672163522
817 620 445793718
204 60 991427341
616 235 78923774
974 788 387708231
541 576 842195995
327 515 326926571
676 424 658419016
920 244 377545028
166 984 246739004
354 198 909077152
821 746 999145139
467 886 512149139
853 319 235346282
69 372 743714193
156 427 877339791
331 124 894184177
170 361 78390151
883 624 452894162
383 721 101019652
440 49 185766798
715 814 209937397
117 645 549530637
402 481 425917153
972 874 241954564
224 289 773317934
806 596 110492345
411 856 141260897
771 852 550813428
505 714 218197087
396 390 433377700
805 418 360599328
528 320 5996128
436 342 508418762
974 69 235819076
76 188 871532696
144 57 561614579
859 42 302835458
247 85 76786059
861 405 628755708
102 521 891695538
326 523 604220865
395 842 921797149
833 138 417797296
275 354 125057086
758 350 765229788
135 122 377508541
197 593 367872557
175 894 70168273
784 654 958957838
324 954 920793281
722 545 233715704
704 193 495240977
565 300 214504692
650 282 407346546
804 581 901947028
910 565 473078346
286 708 72242603
851 95 126208321
687 168 618065725
395 538 467288564
592 39 237853258
528 97 357666069
69 218 494126998
494 940 472245923
610 137 858647328
647 170 701101184
619 427 258629895
49 181 951376997
726 638 676225391
707 787 302136603
575 983 630868403
228 816 692006544
137 744 449780956
52 691 227662013
39 884 252089625
795 297 608221458
515 159 506347515
777 225 472886715
390 256 513233498
493 661 505193081
586 658 404253109
846 839 583588571
880 799 30144139
390 168 726844992
517 501 521216703
34 848 987055368
667 805 380136143
241 51 31393820
861 973 658408029
525 67 319682279
613 236 751879092
459 692 971377344
974 403 384356537
896 491 678135169
304 593 475902481
951 783 690259386
294 763 759388048
214 517 44617327
300 709 29847017
247 595 706393260
566 222 739586669
16 182 55889717
913 481 107046693
759 338 702860145
364 374 500076463
345 687 703235834
327 162 266544846
835 991 705423754
49 437 818217605
597 694 643121485
83 905 59156513
4 564 239569654
949 411 608435268
118 964 549707734
716 500 593631813
306 552 584837582
216 473 338049947
91 383 449581218
536 698 595767723
88 309 888961707
893 764 999253873
305 883 148455782
354 720 551013759
797 826 306647310
345 784 755332216
213 609 242097396
619 594 217493118
283 517 57882927
638 665 439927500
57 551 71823318
672 659 843280243
579 949 235633654
554 200 956675860
441 558 62704114
512 986 229886230
637 643 348219920
502 52 294506605
163 493 10818485
567 683 762017303
625 64 648669116
393 414 39960108
884 241 408610519
16 11 479086549
655 723 722990664
55 963 197210227
833 780 518642092
193 160 642280534
933 61 113352127
903 891 819964775
949 623 733164803
717 212 805543942
79 372 728523842
423 10 101821265
629 888 388732363
218 181 578457216
433 445 260657364
965 531 632443463
533 419 952556438
624 801 928489190
377 877 916275686
569 576 306507930
968 692 737579626
657 328 884407881
606 388 121420832
407 71 131803315
834 284 408529302
88 651 381772663
1000 681 412988928
814 67 556351341
823 598 735087063
981 746 228070143
941 959 43724215
633 876 554431403
503 823 689862252
559 826 671787105
651 277 991269674
580 266 910109634
538 434 472873803
94 419 178821760
422 932 455465748
488 146 247101946
872 983 524101449
166 609 504438476
414 241 838911627
227 739 491872173
564 878 250320380
898 397 972197836
41 828 993311823
322 34 31488037
295 257 234784641
914 746 42510758
668 535 867935221
780 724 487637028
405 914 389341313
635 989 741919313
842 622 411437550
56 311 189646283
195 144 513236753
895 689 683337595
175 529 190277369
217 613 226064765
863 453 831522361
369 366 885523912
612 396 121152751
785 173 125907186
610 763 347293237
482 1000 171044038
420 720 993604428
778 534 484315518
569 496 552128004
231 372 701126387
988 511 575482375
830 184 659289875
903 798 587399274
910 562 649559959
30 449 344070376
510 866 886555956
100 846 454624187
670 819 452981079
122 221 713449094
457 835 391735968
165 32 211324892
606 571 41957289
288 48 485386602
990 72 773828220
505 278 132028550
371 932 334456687
777 231 549117444
721 803 399101232
694 826 870162731
710 459 283377556
32 383 198437071
703 39 396142156
915 131 22492525
691 221 905098324
254 510 122199943
386 436 745426423
523 798 145520593
712 490 622617545
307 314 706533971
834 123 824318241
253 843 27614464
403 532 344179077
665 202 172454894
465 60 441885084
674 460 232008207
246 928 154831832
884 772 348436161
190 426 209298401
561 498 819720472
15 869 702971533
502 579 849021090
962 76 713375189
961 172 269192228
836 293 688625931
446 156 673459201
946 203 459309641
4 896 23316678
954 287 912456595
781 122 900788818
283 748 738654224
202 832 575525144
16 272 431081944
203 866 355760375
942 340 303467103
325 399 315775470
164 878 8796072
396 828 239629405
210 892 702883327
847 117 264632754
574 77 54762061
531 749 277206240
82 556 636776621
342 340 810316635
477 6 319218974
526 692 515589639
434 228 317080682
770 562 34524061
320 956 941856277
600 31 160021235
87 234 173807449
708 626 514978698
733 424 441041256
611 871 238627359
900 616 410380686
191 972 665838631
767 953 523961898
474 761 657214744
177 443 368922129
47 435 229128588
253 329 391014069
354 364 754451935
136 77 488703342
985 255 721708943
848 394 966004124
440 156 681646566
993 974 678915935
904 62 781158943
659 225 190746049
852 113 868352098
582 443 618489364
758 888 720356915
501 333 117140512
349 599 718000120
521 504 192696762
184 747 534307767
765 175 496525497
845 764 439506800
263 516 539840894
397 497 370963438
670 750 230010834
497 263 941836642
695 823 898313530
264 789 371385192
367 499 927773562
345 335 198000106
691 322 659649294
161 521 737698579
396 894 877448079
390 751 995410684
19 44 82744360
540 709 570878290
175 575 570664878
557 482 535434428
28 876 186185850
319 329 727827881
548 458 44056153
773 385 354937459
795 875 723870430
155 827 10337046
43 53 77778753
411 27 394463092
947 607 421534057
169 87 965325242
787 428 79332977
27 678 697363221
362 336 34101548
88 196 232256409
628 302 832581979
545 137 476821064
19 21 262396901
142 51 363107162
165 945 944034574
545 899 451291913
582 366 96178495
770 999 209988617
377 527 948346404
670 613 318277453
263 610 562329880
987 292 49852492
983 627 584503547
254 457 271017598
966 487 389340380
234 431 490427152
221 785 88026326
672 997 703366985
959 835 398028684
571 640 394176369
790 206 313248063
449 146 676474184
534 308 323534915
716 501 617064540
612 427 837522066
721 579 14237170
189 829 475475712
59 391 264679232
486 81 113154655
228 510 227480494
171 375 126838201
608 213 892922664
924 592 730248458
130 324 413537428
550 621 118561713
979 914 410768878
635 576 547023202
420 498 269136937
894 854 930692509
599 724 482407468
244 96 345136287
121 790 243299859
265 366 623151049
570 582 51078368
307 90 247930194
308 173 767926795
327 585 347002250
782 741 607488930
178 171 494915176
596 745 857557644
596 600 173904080
354 877 782511989
645 909 785898111
321 11 423892478
534 912 153921079
7 30 335154485
433 143 344246574
98 32 376150215
760 157 944940940
147 61 265721487
762 119 869303041
801 638 105477576
494 774 484200171
482 500 762644037
786 506 354530403
305 799 221966293
815 513 435468172
23 836 120654571
693 65 317658335
955 816 512798697
55 717 569999288
389 363 779921257
595 275 221075722
752 319 71007042
624 843 318324296
559 677 246572410
280 69 547539735
757 991 841127754
987 415 993250246
782 931 501306591
423 739 405689808
65 779 243463192
761 924 533809596
827 844 481758193
899 978 821028078
878 719 156833645
446 592 444975538
117 843 897767050
458 567 752893238
965 6 324394068
849 456 744221496
373 150 656820833
88 188 626388445
443 414 338892129
421 153 954185867
747 537 604032867
688 328 980413642
706 168 198327737
437 154 66390086
388 288 925071442
681 739 997745671
671 760 522512119
791 335 7681766
658 987 884259772
223 228 472908746
766 718 166391491
984 805 923239747
502 913 831154366
41 976 312641184
253 489 964069584
571 912 756509239
139 540 939090518
597 64 567491357
624 848 735772696
989 53 179188995
40 300 87702457
743 893 63434723
519 677 307561719
454 594 78187898
377 73 282842271
972 457 565558455
817 34 298943684
156 802 905429206
861 79 611513069
180 46 904358342
559 61 524158093
754 106 516573678
302 792 697241379
565 248 479884658
985 227 900630133
123 388 279661802
393 65 632458741
658 211 968478797
89 156 377079456
730 569 199924549
633 498 337832674
288 637 159552186
2 730 588018855
780 769 181989971
94 80 568215843
244 159 222053031
804 695 745568243
963 238 964592956
92 716 273086669
33 754 170689205
509 864 940472612
922 202 190980078
712 480 661051337
733 422 997034433
422 237 213351254
464 246 826515877
935 378 488484793
945 791 664245317
46 773 172116809
151 868 921735559
789 960 137618328
58 611 992023975
965 877 809591625
937 407 692559233
891 66 62710018
185 359 192102412
204 625 994890884
869 896 533812348
363 563 372270009
417 393 298140495
314 299 102937491
351 764 183138109
294 325 891749223
724 350 121422329
308 49 213487884
523 230 240100074
604 165 521651206
868 986 31527281
775 769 72180793
323 982 509653349
733 647 511418510
963 336 306079228
393 852 664517704
760 12 604089823
172 682 790993095
640 855 236806318
385 94 976408368
316 635 811136348
469 245 759203525
100 522 383465477
400 410 993875231
910 760 818044778
736 862 596845915
424 769 611013280
24 483 474958217
895 44 462560625
406 98 988825203
132 658 807693788
162 503 107823913
813 6 907830163
299 81 940260517
184 349 390305580
857 827 135483030
155 942 757182577
630 913 773193984
881 159 251926165
801 949 102241924
450 568 364032004
63 887 741075356
148 819 124380916
686 360 37662030
209 518 145555966
828 921 560954938
565 907 295958478
283 403 876763368
192 514 635568611
818 602 941431025
258 62 78478029
483 86 45399859
80 990 288756674
602 374 685132382
920 223 393672755
258 253 2232849
253 876 971974829
959 837 696958187
794 125 946035320
588 428 569523467
567 262 840987337
773 512 695707333
480 398 198963596
895 125 962129438
655 901 4853475
866 205 733757170
93 222 414786599
210 911 3488337
103 880 165476190
736 573 753896531
71 890 212820443
409 752 730593372
64 394 32686352
261 589 309445523
800 296 536478234
28 260 995796208
485 153 234933797
430 868 375016082
476 64 666026429
643 814 412445192
569 351 926045755
965 630 53911302
272 833 910195168
11 297 214844739
168 266 654727965
289 186 519628829
79 298 892203950
179 527 65268400
910 411 171477813
758 126 838804837
295 25 494813546
32 722 463074768
646 689 449582159
105 350 133444887
487 37 479180142
643 838 290555336
694 950 6614117
139 950 13822521
460 506 566821539
171 781 905208289
125 553 389716948
167 436 514249764
302 116 768270045
176 374 284365058
106 791 135515650
834 421 830067037
686 517 406621421
77 363 185392023
44 750 470972681
247 430 866660737
610 64 857789248
459 809 774757412
839 519 612185092
794 78 445980570
335 89 544288774
795 986 134144695
678 33 515545783
520 408 577212643
360 221 530478092
288 888 263753297
954 435 812270215
292 103 589153008
148 913 13777166
245 442 439337630
16 343 629455728
124 753 633560408
255 810 665423627
456 33 882370309
77 452 932322405
78 737 256210689
462 15 128204225
804 182 621328383
841 430 138860520
925 746 867999574
381 297 596596545
603 283 637736096
414 434 521606209
57 699 216062145
105 935 476873428
879 524 962945741
328 361 532060869
715 405 738277411
330 185 826581944
750 23 84201993
745 703 596164870
358 5 890943821
48 679 65918491
981 483 981538652
304 104 758277149
890 909 758385596
431 503 521565756
508 298 381000353
755 322 262414733
144 558 393749541
552 436 72346918
8 475 803187278
287 483 565592662
686 270 818426789
573 785 715039593
257 773 294271268
838 482 604510716
726 307 979687695
902 357 583251694
977 882 589857667
514 515 899925447
795 218 630782
748 543 599620371
75 681 348237960
292 592 570593315
419 280 786835378
293 951 686289079
279 2 325230623
201 937 225855667
779 2 741924671
774 527 284286757
114 238 247959750
628 616 710464078
53 862 184980837
307 873 572543155
358 706 486047901
676 988 379775503
992 618 315744551
888 382 853806226
91 176 821830518
442 427 640498748
835 128 559937571
27 579 617031158
882 36 547311535
87 283 889488421
452 72 487733183
62 11 779789098
716 49 925561384
381 3 75249367
238 175 174459654
370 877 594597083
243 405 902826467
178 934 431037415
788 45 406626418
107 344 748629500
913 447 772734224
480 919 620456122
11 236 425369071
35 325 191548260
363 165 836876639
546 70 375345785
270 658 270698316
416 301 671322988
349 289 341802686
327 898 838505743
91 900 291444953
939 765 736024531
439 64 661971376
881 894 416528952
84 156 163601371
434 412 283179822
714 533 738164085
96 915 592676069
28 538 161123793
144 339 991045588
109 99 694361559
660 819 612916174
510 994 651130828
922 844 790661265
614 294 16271947
883 163 783462507
661 563 623784309
51 174 769264758
598 297 56947388
609 843 522621093
187 563 360048409
512 133 516251120
730 862 318165104
678 739 200296645
798 776 731738298
564 800 35101896
71 492 201003117
782 153 160563658
766 448 822396563
866 874 352241141
59 388 110213962
652 654 113455870
229 182 618039566
763 696 605678812
825 884 806255379
78 959 515125491
979 818 329179051
135 510 611118826
829 459 819493744
196 27 947171735
734 317 58728263
894 580 673008506
937 798 388048431
998 804 985989563
452 226 548127235
873 325 801085841
832 166 100248312
484 833 115462128
932 710 516199336
199 836 957824079
585 688 405187599
938 596 748349909
143 27 170326379
268 431 547896757
162 84 572778218
37 552 173424353
135 850 900094820
132 761 409024553
49 551 887803162
76 320 253628101
97 27 197333667
322 749 140661360
185 694 480902665
437 202 701254785
421 617 778400614
921 512 180077912
69 915 115945015
953 183 702685991
913 141 798248629
231 686 400368302
263 138 505888310
198 589 715219758
776 454 502982476
832 760 671722075
719 241 493582640
422 354 102390466
357 530 365151446
915 815 840363781
366 603 779997316
993 244 515002722
914 329 750411318
33 121 491566103
931 574 884261218
51 243 402057401
289 586 188672953
855 162 560574494
822 297 228646915
521 409 296151842
724 967 872161805
590 568 187328507
638 223 501596780
253 16 953921780
348 57 337481023
871 569 812668153
162 258 460105388
563 288 259109405
474 716 216627315
438 329 975621365
327 642 677161411
618 433 588885447
892 268 586942107
219 660 993304953
188 907 887727817
199 578 686814021
564 741 821417617
51 418 62743100
893 160 304966487
940 408 385783568
75 242 954260556
808 150 798255043
323 906 996773449
799 398 522908502
194 459 565473520
828 645 224792796
243 391 965069485
822 74 42934526
93 574 258729468
215 247 1285854
151 179 650147981
798 453 281427382
155 183 581671180
860 454 758519468
844 330 236102809
182 671 436376161
798 896 933412394
436 878 917277304
925 527 610418121
520 461 87391457
824 368 269359423
799 447 732783622
183 14 677335587
144 103 527448699
716 124 575133264
680 590 218811621
716 812 758712975
301 471 353831563
60 711 596941486
505 720 137744234
1000 234 861062873
537 776 768285997
767 729 994419159
178 527 302285372
509 459 388509644
793 538 274491960
84 971 803320730
445 436 287539174
77 592 893581362
552 926 720224121
720 16 751356117
423 605 452075947
504 676 585835763
77 446 644113584
112 802 574039321
425 734 218062686
960 974 844051933
430 577 532661766
929 618 353295205
878 736 712654349
607 240 464794781
313 266 399934910
610 743 389087560
348 530 726947283
121 345 185984215
79 704 237696585
316 188 251513232
772 737 82161897
787 427 532919568
922 310 214321837
432 682 171430357
432 22 63191266
176 79 976074616
600 335 843359733
861 849 299847850
303 50 68835147
742 782 843570740
61 67 906545847
963 611 223574944
652 623 310090199
600 632 948220504
446 609 866177612
262 115 720000768
459 18 962584925
264 542 696017728
242 514 512431105
228 68 751947518
733 556 730818441
503 976 359417995
416 700 937934099
852 503 607179116
564 832 44644852
443 376 760451822
873 596 345207164
522 832 737005670
72 888 613595494
687 58 642660246
